[{"id": 0, "img_name": "0", "width": 1280, "height": 720, "position": [0.1414289068373266, -0.04710887256001674, 0.025187259938875706], "rotation": [[0.7800398565865928, 0.6243369960266986, -0.04172172561628352], [-0.5445318235192167, 0.7101551003618113, 0.4462782239968385], [0.3082571656440108, -0.32539587494511, 0.893921044916788]], "fy": 886.1139999999999, "fx": 893.149}, {"id": 1, "img_name": "1", "width": 1280, "height": 720, "position": [0.2608196476852589, 0.08247859034593127, -0.05156402895586312], "rotation": [[0.8233749013611548, 0.5066199433695936, -0.2557151697435539], [-0.5212475690510251, 0.8533180854999165, 0.012223695335056349], [0.22439916848148442, 0.12322613338670198, 0.9666749087106445]], "fy": 886.1139999999999, "fx": 893.149}, {"id": 2, "img_name": "2", "width": 1280, "height": 720, "position": [0.16020558013502278, 0.13893365851582212, -0.04243989342603324], "rotation": [[0.9706305834773142, 0.23890634113367168, -0.028284994028878376], [-0.23987183418861557, 0.9700636991776855, -0.03792008969078219], [0.018378897792884662, 0.043591171185107545, 0.998880386384367]], "fy": 886.1139999999999, "fx": 893.149}, {"id": 3, "img_name": "3", "width": 1280, "height": 720, "position": [0.07211715365193686, 0.16909239322338052, -0.043143229559989484], "rotation": [[0.999675301956675, 0.02199769938618127, -0.012860473429588725], [-0.021851246848032704, 0.9996960124357822, 0.011419528668965312], [0.013107767403501561, -0.011134803345824309, 0.9998520903320435]], "fy": 886.1139999999999, "fx": 893.149}, {"id": 4, "img_name": "4", "width": 1280, "height": 720, "position": [-0.028667521412175122, 0.14929251593408896, -0.033689298120524416], "rotation": [[0.9107163049741267, -0.3365771575890705, 0.23939828437836105], [0.3881250492431326, 0.8956155409599934, -0.2173284228797756], [-0.1412609915159047, 0.29084104633056296, 0.94628577276187]], "fy": 886.1139999999999, "fx": 893.149}, {"id": 5, "img_name": "5", "width": 1280, "height": 720, "position": [-0.07704104264071343, 0.07533979554121892, 0.035774815303018064], "rotation": [[0.6881522025765479, -0.6012108865836673, 0.40619271031378695], [0.6876890287257759, 0.7189584974309577, -0.10091051047344715], [-0.23136734391218314, 0.34877586098681396, 0.9081986009310993]], "fy": 886.1139999999999, "fx": 893.149}, {"id": 6, "img_name": "6", "width": 1280, "height": 720, "position": [-0.08496275655546409, -0.012917482899207348, 0.0824431138353726], "rotation": [[0.42560506150705824, -0.7428548246346859, 0.5167465467475304], [0.8451797463041225, 0.5303534751057186, 0.06630496959443186], [-0.32331328536858245, 0.40852400427954005, 0.8535670127802742]], "fy": 886.1139999999999, "fx": 893.149}, {"id": 7, "img_name": "7", "width": 1280, "height": 720, "position": [-0.055145236940250884, -0.08221719879996779, 0.13724857780127186], "rotation": [[0.06258447110355181, -0.8932514929595207, 0.4451819481139017], [0.9451882810435682, 0.19627761777843697, 0.2609519797264263], [-0.32047513160743984, 0.4044485043498417, 0.8565730589313166]], "fy": 886.1139999999999, "fx": 893.149}, {"id": 8, "img_name": "left", "width": 1280, "height": 720, "position": [-0.38875492165740505, 0.23076849991664228, -0.10981660394057885], "rotation": [[0.58963125613619, -0.5548646133398872, 0.5869071061074099], [0.7149865360380095, 0.6965797310554828, -0.0597554689769559], [-0.37567132392633495, 0.4548645113123965, 0.8074460947783554]], "fy": 886.1139999999999, "fx": 893.149}, {"id": 9, "img_name": "right", "width": 1280, "height": 720, "position": [0.6118944732186261, -0.47289297531472185, 0.3450005233875232], "rotation": [[-0.6258481359380836, 0.404758351204385, -0.6666969579123153], [-0.7154730575890753, 0.04236314801364991, 0.6973547838372666], [0.31050355943751695, 0.913441879818792, 0.2630807718859899]], "fy": 886.1139999999999, "fx": 893.149}]